
				Total	Std	Mod
Electrical use			1.38

Electrical generation 	0	1.81	1.45	0.36
(position 0 is at HG-5)	15	1.85	1.40	0.45
			30	1.76	1.26	0.50
			45	1.91	1.40	0.51
			60	1.95	1.45	0.50
			75	1.85	1.40	0.45
			90	1.62	1.26	0.36
			105	1.85	1.40	0.45
			120	1.95	1.45	0.50
			135	1.91	1.40	0.51
			150	1.76	1.26	0.50
			175	1.85	1.40	0.45
			180	1.81	1.45	0.36


			angle	Total	SB1	SB2	1122	
Electrical generation 	0	1.71	0.72	0.63	0.36
(position 0 is at HG-5)	15	1.85	0.70	0.70	0.45
Crossed panel config	30	1.86	0.63	0.72	0.50
			45	1.91	0.70	0.70	0.51
			60	1.86	0.72	0.63	0.50
			75	1.85	0.70	0.70	0.45
			90	1.71	0.63	0.72	0.36
			105	1.85	0.70	0.70	0.45
			120	1.86	0.72	0.63	0.50
			135	1.91	0.70	0.70	0.51
			150	1.86	0.63	0.72	0.50
			175	1.85	0.70	0.70	0.45
			180	1.71	0.72	0.63	0.36


			angle	Total	SB1	SB2	1122	
Electrical generation 	0	1.71	0.72	0.63	0.36
(position 0 is at HG-5)	15	1.75	0.70	0.70	0.35
Crossed panel config	30	1.66	0.63	0.72	0.31
limited panels		45	1.66	0.70	0.70	0.26
extra batteries		60	1.53	0.72	0.63	0.18
			75	1.49	0.70	0.70	0.09
			90	1.35	0.63	0.72	0.00
			105	1.49	0.70	0.70	0.09
			120	1.53	0.72	0.63	0.18
			135	1.66	0.70	0.70	0.26
			150	1.66	0.63	0.72	0.31
			180	1.71	0.72	0.63	0.36
			175	1.75	0.70	0.70	0.35
		

Simple OX-STAT panel	Deg	Exposure	Flow
			0	1		0.364		
			15	0.97		0.351
			30	0.87		0.315
			45	0.71		0.256
			60	0.5		0.181
			75	0.26		0.095
			90	0		0

Exposure = cos(angle)
avg exposure from 0 to 90 deg = 2/pi = 0.63 
avg exposure for a full turn = 0.63/2 = 0.31

avg generation of a SB1 ring = 0.31 * panel power * num panels = 0.31 * 0.364 * 6 = 0.67704

Single SB standard panel ring
			0	0.72
			15	0.70
			30	0.63
			45	0.70
			60	0.72
			75	0.70
			90	0.63
			105	0.70
			120	0.72
			135	0.70
			150	0.63
			165	0.70
			180	0.72

Mod 1122 4x panels
			0	0.36
			15	0.45
			30	0.50
			45	0.51
			60	0.50
			75	0.45
			90	0.36
			105	0.45
			120	0.50
			135	0.51
			150	0.50
			165	0.45
			180	0.36